605 
616 
617 
619 
622 
624 
629 
631 
633 
634 
635 
636 
637 
640 
644 
645 
647 
649 
652 
658 
672 
677 
678 
679 
680 
714 
733 
738 
742 
745 
769 
776 
792 
795 
800 
801 
802 
803 
804 
809 
810 
846 
898 
900 
905 
1265
1271
1277
1302
1305
1315
1316
1320
1322
1323
1324
1335
1337
1344
1346
1350
1351
1352
1358
1359
1360
1364
1387
1389
2396
2397
2399
2400
2444
2445
2446
2447
2448
2450
2451
2452
2453
2454
2456
2457
2458
2459
2461
2462
2463
2464
2465
2466
2468
2469
2474
2475
2477
2479
2480
2481
2482
2483
2484
2485
2486
2487
2489
2490
2491
2492
2493
2494
2495
2496
2497
2498
2499
2500
2501
2502
2503
2504
2505
2506
2507
2508
2509
2510
2511
2512
2513
2514
2515
2516
2517
2518
2519
2520
2521
2522
2523
2524
2525
2526
2527
2528
2529 
2530 
2531 
2532 
2533 
2534 
2535 
2536 
2538 
2539 
2540 
2541 
2542 
2543 
2544 
2545 
2546 
2547 
2548 
2550 
2551 
2552 
2553 
2554 
2555 
2556 
2557 
2558 
2559 
2560 
2561 
2562 
2563 
2564 
2565 
2574 
2588 
2589 
2590 
2591 
2592 
2596 
2597 
2598 
2601
2602
2608
2613
2614
2615
2616
2617
2618
2619
2620
2621
2622
2623
2624
2625
2626
2627
2628
2629
2651
2652
2653
2654
2655
2656
2657
2658 
2659 
2660 
2661 
2662 
2664 
2665 
2666 
2667 
2668 
2669 
2670 
2671 
2672
2673 
2674 
2675 
2676 
2677 
2678 
2679 
2680 
2681 
2682 
2683 
2684 
2685 
2686 
2687 
2688 
2689 
2690 
2691 
2692 
2693 
2694 
2695 
2696 
2697 
2698 
2699 
2700 
2701 
2702 
2703 
2704 
2705 
2706 
2707 
2708 
2709 
2710 
2711 
2712 
2713 
2714 
2715 
2716 
2717 
2718 
2719 
2720 
2721 
2722 
2723 
2724
2729 
2730 
2731
2732
2733
2734
2735
2736 
2737 
2738 
2739 
2740 
2741 
2742 
2743 
2744 
2745 
2746 
2747 
2748 
2749 
2750 
2751 
2752 
2753 
2754 
2755 
2756 
2757
2758
2759
2760 
2761 
2762 
2763 
2764 
2765 
2766 
2767 
2768 
2769 
2770 
2771 
2772
2773 
2774
2775
2776 
2777 
2778
2779
2780 
2781
2782 
2783 
2784
2785
2786
2787
2788
2789
2790
2791
2792
2793
2794
2795
2796
2797
2798 
2799 
2800 
2801 
2802 
2803 
2804 
2805
2806 
2807 
2808 
2809 
2810 
2811 
2812 
2813 
2814 
2815 
2816 
2817 
2818 
2819 
2820 
2821 
2822 
2823 
2824 
2825 
2827 
2828 
2829 
2830 
2831 
2832 
2833
2834
2835